IndetRerum.

11111111111111111111111111185111-
1111. 1384.1.10. 1111111 1110111-
1113. 1383. 1. 13. 41111111 111 uu·
1111111. 1385. 1. 18. horti 11111-
111 1111111111. 11111111. 1388.
1. 44. 0111111 1111019111. 1411.
1. 141. 1111111111 1111111 711411.

tua. 1438. 1187.
namatio 111111111Ιί1 1111111 111111-

111. 13831. 14. 11911111111111·
petua pnuichtnnn. 1402. t. 97,
11911111111111111. 1411. 1. 14 4.

1111111111 111111111111111111111111111
D. V. 1111111111. 1486. 1.(174.
1487. 1. 676. Corporis S. 11111111
111111111111111111111011111111111 Pt-
91 permittitur. 1494 1. 717.
1495. 1. 731. 735.

1117111111. 1366. 1. 7. 1118111111111
131111111111111111. 1439. 1199.

21113113111111111111111111,14571501.

71111111111111111111111111111111911.
11Τ1111.33.

1111111111. 111111111111111111·
11111111. 13481. 1. Bonorum 11
11131111. 13119. 1. 6. Bonorum 111
111111911111111111111. 1384117.

1111111 in 1111111111111. 1381. .

1. 15. 1711111111. 1386. 1 3 3.
11111111. 01111111113. 1337.1. 38.
11111. 13911110. Annui Contu·
1111101111 1191111. 1394. 1.(11.
11111111131111111111. 1394. 175.
011111111111111113. 1394. 1 79.
15111111 11111111 11 1111111113111.
1896184. 1111111111 1111111113.
1397. 1. 117. Annuit in 111111111-
dett. 1398189. 1111111171

1111111113. 1399191. 111111 111
1111111111. 1411. 193. prndio-
11111111 Η1111111. 1111111111111.
1411. 1. 99. vomu· 1111111311·
111111. 1418. f. 110. 11 111811111-
1113111111118113. 1. 111. ’11111111
11 1111111111. 1409. f. 114. Ven-
111111 11111111111111111. 1. 116.
Domus 11111111. ¹411· f. 137.
11111111111111111. 1411. s. 141.
1111111111111111 111 1111111113,
1411. 1. 146. 011111111111111113.
11481111111111111111111111111-
berg. 14131117. 14141. 164.
13111111 111 111111 1111111 nomine.
1414. 1. 168. Allodii 1111111113.
1416. 1. 180. 0011111111 1 Ju-
11111. 1. 182. venditio allodii 11
8111111111. 14191. 189. Agra.
111111111101111. 1. 1940111111
Ο111111111111113. 1411. 11181117.

, 10311111111111111111111111. 1413.

f· 111. 1111111111 Varenzhtusen‚
1413. 1113. 1111111111 111611·
ding. 1414. 1. 115. Curiae 111
8111111111. 1411. 1. 111. Tertiae .
portis 11111111111111101101111111111.
1417.1.130; 01111111111133.

1111111111111111. 1430. 1. 143. ·

1111111111 praediorum 111 nausea.
1. 147.11111111111111.1.1ς1. cen-
1111111111. 1431. 1. 119. Domus.
1433. 1151159. 260· 263.
1434. 1. 1115. praedioli 111 111111-
1131114391191. 1111111011.
1111. 1439. 11911. decimatum 11
1111111111111111111. 1441. 1. 303,
11111111 Census 111 domo. 1141.

1. 323·

 

