1111111 Rerum.

6111 11116111 4111111111 1113.Τ1101111 1. 158143. 1411. 1. 111. 1414.
1111111111 (1.1.. 11. ¹387· 1. 39. 1. 158 161.1416. 1. 181. 1419.
6111 zum 1111411111111 11 111911· 1. 1901410. 196.1ο4.1111111111011.
heim. 11941. 71. 71. 1111411 1414111414141110. 1411.
1111111111 6111. 1395. 1. 83. 11 1. 113.116.1417.1.140111140·
11011. 1401. 1. 91. 1111141 6111. riteh. 14441.166.1446.1.169.
1414. 1. 105. tn Korn. 1401. 111.1419.1.197.1441.1.114.

1. 117. 14101119154. 1411. 14101381· 190·1454.1.411.
1. 145. 1111114111. 14141. 167. 6111. 111141111114111111161101111·

11 8111111111. 1. 170. 1410. f. 106.
11 Habet undGelt. 1423. 1. 111.
1414. 1. 117110. 1111416111 in
der 1111111111. 14591. 155. Korn
nndKuchlgilt. 1437. 1174111141.
4111111111. 1111416111. 1459.
f. 196. 1111114114111. 14401304.
Korn 1111111114111.14411416.
1446. 1344. W iet-Korn· 111111

1114. 1465.1. 6. 1114114111 zu
111111111111111. 13741. 11. des
110111118111111 61111111 81111.
1384. f. 18. 19. zu Alteupnch‚
1118111401. 1584. 1. 11. 15861
145. 37.41.1111’11111111111111111111
61111111111111111111. 1585114.
31. 41. 611111 zu 1101111111 111
0101111141111111. 13871. 40. Gu-

Kuchelgilt. 14491467. 1111111-
4111.1450.1.374.1(1111114111.1.379.
14161. 486. Korn· und 111111111-
4111. 1417. 1. 505. 1461. 1165.
1111111111 1111111111 1111111117. 1464.
1. 171.

(1111111161. 111111. 11 U. F. me.
¹49²· s· 70²· 705.

6111411111 der 111111 6111111111 11 U.
L. 1. 1111111. 14101. 141. der 1111·

111 1116111114.111101011114.1487.
1. 41. 1114111411 4111111111 11111
11 Wnldeggmgerieht. 1494164.
1111111111 den 1111016111181111·
1111111· 111116111ἷῖ1ζί
11119 6111 zu 1111111114. 1411.
1. 146111811141111. 1414.1. 170.
61111 zu 61111114. 14141111. =
61111 zu 1111111411. 14791. 191.
1448. 1. 451. enter 1111 Jacob·
11111111 1111101. 1410. 1. 479. 41-
11111 die 111111111111. 1416.
1494 611111111111111111. 1419. ·
s, 518. 1114114111 zu 1111111111.
1464. 1. 176. 11111111 1111111110·
111 zur 811111111111111111 81111.
14741618. 611111 1101111411-
11114. 1481 1. 6114. 6111111110·
11Βῶ 14861 [16750

1041116111111111 111111. 14371171.
611411111111111111511101.14571118.
141111. 1. 601.

fixum. 1487. f. 41. 4111 [1141111111
und 1111111111. 1389. 1. 50. ¹303·
1. 61. 69. 1594. 71. neue 111141·
rische. 1491. 1. 80. 141461. 85.
1111111· ¹398· f· 11· 1111.
1.91.1401.1.91.1411.1.1οο.
14041. 101. 14011. 1114. 14 1.

1111-

 

