IndexRerum.

81111 1. 617. 8. 8111111, Bn-
1110101111. 88. 1111111. 88, 3Reg.

1471. 1. 608. 1101111111 111101
8111111311 Thur. 1479. 1.(157.

1. 634. 611 8111111411. 1. 638. 111111111111111111171111081191101-

8. runcise! 1474. 1. 639. S.
’11101111 Ap. 1476. 1. 646. 8. Ltu-
1111111 1111111 11111 Vest. 1478.
1. 651. 8. [1010111111. 1. 656. 658.
8111111118ὶῆ 111111 14811664.
1485. 1. 669. 8. mser 1111111011
«1111111111. 1486. 1. 675. 1489.
1. 681. 8. 1111111 (1110111111τί
88818· 3188ῗὲ88ῗῖ
1111111111. (1111111111110. ibid.
1111111111111111. 1494. 1719.
Anger, Fnuenkioster.1 ¹8·f·¹87·
14141. 118. 1453. 1414111-
1181119611. 1111111111.1’61“1. 1461.
Α1311.1111110111611111111011.118.611
11711111.1.·41.111 61111111111114.
1. 79. 87. 81131111111117 611 Bu·
113. 1. 85. bey (11116119 11111111
16111106. 1. 91. 11 1111111116. 19 8.
1418. 1. 187. 1011111111 611 1111-
1111. 14161. 197. 11111111 und
11141...1411.1111 111111.
9111181411. 1441. 1. 313. vor
8111111311 Ther 1446 1. 344.
346. dn xnppen 111Τί101. Ι1450.
13811 1081111110111. 1457.
1401118111111. 14511410.
de· 8111011111. 1451. 1. 411. 1161-
11110101111111111111101. 1455.
1. 475. 101 mammonas&
1. 491. 495. 1111111 1111611111 vor
sehwmngcr'rhor. 1451012502.
1111111111... 1461. 1. 568.

dutum. 13741. 11. :johanne
wnbmht 1111111111. 13133.Ῑὶ 68.
1811111131111 fundatum in 11111·
1111111110. 1394173. 1111111111·
11111 10101113111. 1395. 1. 83.
1 parocho 1111111110 fundatum.
1404.f. 105. 116111118111111911
nd 88181. 1111111111. 1407.1.1 11.
14071. 116. 910 Anna Gun-
11111111. 14101. 131. 1611111111
811111 1111111111. f. 133. 135.
676. 111 Elisabeth 1101111111τί1.
1411. 1. 141. 11111118011011111
fundatum. 1416. 1. 174. 1834-
11160891111311.811.1101. 1416.
1 175. 1101111 1111111311 1111-
111111. 1410,1. 197 11111111 811111·
11111. 1413.1.113.1111101111011·
1111111111 1811111110111111. 1415.
1116. 61111616811111111111
8111111111 *gris 011111111 1111110-
11 deciditur. 1416. 1118. Fun·
1111111 910 1). 1011118111111111,
11101110 D. V. 1430. 1141. 1
111011018111111181111101181611·

to 1111111111. 1437. 1175. 910 ’

10111111111111111111. 14181. 181.
185. ulricum wunnen. 1438.
1166. 11111111. &tharim
Bnuemfeindin.fi29o. 910 00111-
600111. 14431. 317. 346. 181-
11011 1101119111 summm. 1147.
1348. 1111101101,Τί011111. 1449.
1141359. Georgii 1111111.
14491360. 1³10&meth-
1⁴50·

 

