Index Ret'um.

11211211 1111141111. heyden
T 121 12 der 111211211141111. 1481.
1. 672. 121 1124119111. 1489.
1. 682. [1912129111 1211111112·
nertgnffen. ¹490· 1. 692. 11211111·
1121212911. 1211111111 11181111-
1141141111111. 149ο.1. 689. La·
ehinken, 1211111111. 111111011-
21119111111. 1. 693. 1111111111. und
11114111 12 1111121112 111211111-
441112. 1492. 1. 722Ῐ 01111111.
1494, 1. 716. Hometten. f. 719.

1111191111. 1384. 1. 27. 14421479,

1121112211. 19481. 29. 42. Her·
11211111. 1414. 1. 167.

Hos: 1111112122 1111441112. 1365.
s. 6. 22 0114121111, 1117121112.
12912112112.’1.18.22 1111291121.
f. 22. 36. 1111111111991211121.
1. 28. 2211711129. 1. 4ο. 81192121
22 11211129. 141. 22 [11191121.
1. 64. 22 8111121121. 1. 75. 22
1111111111. 1. 79. 1497137. 22
Ν1111111912.1496. 1. 85. 11144111.
121211 Westerndorf. 1398, s. 89.
12 1111121112. 1121111111 1111221119,
1. 99. 0111111121 221121111111,
1422.1.98, 22 11211244. 1, ;19.
117. 1119121212211219111, 1429.
1, 104. 22111211211129. 1411.
1.141, 1119111121 22 1112121141.
1119111121 22 12211111. 14121141.
Eigenhof in 12111119. 14141Ι 157.
1414. f, 164. 22 1111291121.
1. 166. 22111112. 1. 168. 22

1121 zu 1112111111. 1418. 1. 183.
22 Ηι191111112112. 1. 1117. 22 Rieu.
14111, 1. 188.111811111111111.1419.
1. 189. 22 0111211211119. 1122.
f. 228. zwey Hrnfe (111 capiccio
22 811111 111 011111111111112. 1423.
1. 211. 1124. 1. 217. 22 Sitten-
11211. 1125. 1. 222. 22 121211222,
1418. 1. 2 36. zwey 111122 1112-
1111 1176111121211. 1432. 1. 247.
249 22112211111112.14471174.
21112 2211121129. 1437. 1. 284.
ein 22121111, 1. 284. 22 wu-
111211112112. 14381281. 22
limfa, 1111111212,011122112112.
1. 288. 22 1111111121. 14461429.
zu St. Ulrichsberg, 8111121111.
1442. 1. 3¹2· zu 1111121212.
1411316. 0111-2211 111111121121
81. 111ῐί2121119. 14421316418.
1111111111. 1944. 2 111122 11111112.
11ἒὲ1· 3111311111· 1111
s. 427. 14561. 486. 22112911·
111212112111. 14571. 505. 211
owing, 14491527. 574. 211
111211191461. 1555. 2111111121
22 0111111112. 14641. 5115. 22
1112112112. 1466. f. 59⁶· 22 St.
111111111119.111112111112. Sitten-
1111. 1111191111. 1. 6ος). 2231211111·
dors. 1474. 1. 642. 22112112.
14781. 611. 22 01112ςί1129.
44682. 1. 664. 22 0111129. 1489.
· 80·

11211121.1414.1. 171. 1119121121 1121221111 denssgklein· 211 Lengrien.

22 191218. 14161182. 182.

1³⁹3· f· 0³0⁶
Hof-

 

